Year,Race,Stage
2000,AFRICAN_AMERICAN,POLYP_5,MALE
2000,AFRICAN_AMERICAN,POLYP_5,FEMALE
2000,AFRICAN_AMERICAN,POLYP_5,FEMALE
2000,WHITE,POLYP_5,FEMALE
2000,WHITE,POLYP_5,MALE
2000,AMERICAN_INDIAN,STAGE_3,FEMALE
2000,AFRICAN_AMERICAN,POLYP_5,MALE
2000,WHITE,POLYP_5,MALE
2000,AFRICAN_AMERICAN,POLYP_5,FEMALE
2000,WHITE,POLYP_5,MALE
2000,AFRICAN_AMERICAN,POLYP_5,FEMALE
2000,AMERICAN_INDIAN,STAGE_1,MALE
2000,WHITE,POLYP_5,FEMALE
2000,WHITE,POLYP_5,MALE
2000,WHITE,STAGE_2,FEMALE
2000,WHITE,POLYP_5,FEMALE
2000,WHITE,STAGE_2,MALE
2000,WHITE,POLYP_5,FEMALE
2000,AFRICAN_AMERICAN,POLYP_5,MALE
2000,WHITE,POLYP_5,FEMALE
2000,AFRICAN_AMERICAN,POLYP_5,MALE
2000,WHITE,POLYP_5,FEMALE
2000,WHITE,POLYP_5,MALE
2000,WHITE,POLYP_5,MALE
2000,WHITE,POLYP_5,MALE
2000,AFRICAN_AMERICAN,STAGE_1,FEMALE
2000,AFRICAN_AMERICAN,POLYP_5,FEMALE
2000,ASIAN,STAGE_1,MALE
2000,WHITE,POLYP_5,FEMALE
2000,WHITE,POLYP_5,MALE
2000,AFRICAN_AMERICAN,POLYP_5,FEMALE
2000,WHITE,POLYP_5,FEMALE
2000,AFRICAN_AMERICAN,POLYP_5,FEMALE
2000,WHITE,POLYP_5,FEMALE
2000,TWO_OR_MORE_RACES,POLYP_5,MALE
2000,ASIAN,STAGE_4,MALE
2000,AMERICAN_INDIAN,STAGE_4,MALE
2000,AFRICAN_AMERICAN,POLYP_5,MALE
2000,ASIAN,STAGE_1,MALE
2000,ASIAN,STAGE_1,FEMALE
2000,WHITE,POLYP_5,FEMALE
2000,WHITE,STAGE_2,MALE
2000,AFRICAN_AMERICAN,POLYP_5,FEMALE
2000,AFRICAN_AMERICAN,POLYP_5,FEMALE
2000,WHITE,POLYP_5,MALE
2000,AFRICAN_AMERICAN,STAGE_2,FEMALE
2000,AFRICAN_AMERICAN,POLYP_5,FEMALE
2000,AFRICAN_AMERICAN,STAGE_2,MALE
2000,AFRICAN_AMERICAN,POLYP_5,FEMALE
2000,WHITE,POLYP_5,FEMALE
2000,WHITE,POLYP_5,FEMALE
2000,WHITE,POLYP_5,MALE
2000,AFRICAN_AMERICAN,POLYP_5,MALE
2000,AFRICAN_AMERICAN,POLYP_5,FEMALE
2000,WHITE,POLYP_5,FEMALE
2000,AFRICAN_AMERICAN,POLYP_5,MALE
2000,AFRICAN_AMERICAN,POLYP_5,FEMALE
2000,AFRICAN_AMERICAN,POLYP_5,FEMALE
2000,AMERICAN_INDIAN,STAGE_1,MALE
2000,AFRICAN_AMERICAN,POLYP_5,FEMALE
2000,AFRICAN_AMERICAN,POLYP_5,FEMALE
2000,WHITE,POLYP_5,FEMALE
2000,AFRICAN_AMERICAN,POLYP_5,FEMALE
2000,AFRICAN_AMERICAN,STAGE_1,MALE
2000,SOME_OTHER_RACE,STAGE_2,FEMALE
2000,AMERICAN_INDIAN,STAGE_1,FEMALE
2000,AFRICAN_AMERICAN,POLYP_5,MALE
2000,SOME_OTHER_RACE,STAGE_2,FEMALE
2000,AFRICAN_AMERICAN,POLYP_5,FEMALE
2000,WHITE,STAGE_1,FEMALE
2000,AFRICAN_AMERICAN,POLYP_5,MALE
2000,AFRICAN_AMERICAN,POLYP_5,FEMALE
2000,AFRICAN_AMERICAN,POLYP_5,FEMALE
2000,AFRICAN_AMERICAN,POLYP_5,FEMALE
2000,WHITE,POLYP_5,FEMALE
2000,ASIAN,STAGE_1,MALE
2000,AFRICAN_AMERICAN,STAGE_1,FEMALE
2000,AFRICAN_AMERICAN,POLYP_5,FEMALE
2000,SOME_OTHER_RACE,STAGE_1,FEMALE
2000,AFRICAN_AMERICAN,STAGE_1,FEMALE
2000,ASIAN,STAGE_3,MALE
2000,WHITE,POLYP_5,MALE
2000,AFRICAN_AMERICAN,POLYP_5,MALE
2000,AFRICAN_AMERICAN,POLYP_5,FEMALE
2000,AFRICAN_AMERICAN,STAGE_1,FEMALE
2000,AFRICAN_AMERICAN,POLYP_5,MALE
2000,SOME_OTHER_RACE,STAGE_3,FEMALE
2000,AFRICAN_AMERICAN,POLYP_5,FEMALE
2000,AMERICAN_INDIAN,STAGE_3,MALE
2000,AFRICAN_AMERICAN,POLYP_5,FEMALE
2000,AFRICAN_AMERICAN,STAGE_2,FEMALE
2000,AFRICAN_AMERICAN,POLYP_5,MALE
2000,ASIAN,STAGE_2,MALE
2000,WHITE,POLYP_5,FEMALE
2000,AFRICAN_AMERICAN,STAGE_1,FEMALE
2001,WHITE,POLYP_5,MALE
2001,AFRICAN_AMERICAN,POLYP_5,FEMALE
2001,AFRICAN_AMERICAN,POLYP_5,MALE
2001,ASIAN,STAGE_3,MALE
2001,WHITE,POLYP_5,FEMALE
2001,AFRICAN_AMERICAN,POLYP_5,MALE
2001,WHITE,POLYP_5,MALE
2001,TWO_OR_MORE_RACES,POLYP_5,MALE
2001,WHITE,STAGE_1,FEMALE
2001,WHITE,POLYP_5,MALE
2001,AFRICAN_AMERICAN,POLYP_5,FEMALE
2001,WHITE,POLYP_5,MALE
2001,AMERICAN_INDIAN,STAGE_1,FEMALE
2001,WHITE,POLYP_5,MALE
2001,AFRICAN_AMERICAN,POLYP_5,FEMALE
2001,ASIAN,STAGE_1,MALE
2001,AFRICAN_AMERICAN,STAGE_1,MALE
2001,AFRICAN_AMERICAN,POLYP_5,FEMALE
2001,WHITE,POLYP_5,FEMALE
2001,AFRICAN_AMERICAN,STAGE_1,FEMALE
2001,AFRICAN_AMERICAN,STAGE_1,FEMALE
2001,AMERICAN_INDIAN,STAGE_1,FEMALE
2001,AFRICAN_AMERICAN,STAGE_1,FEMALE
2001,SOME_OTHER_RACE,STAGE_1,FEMALE
2001,AMERICAN_INDIAN,STAGE_4,FEMALE
2001,AFRICAN_AMERICAN,STAGE_2,FEMALE
2001,WHITE,STAGE_1,MALE
2001,AFRICAN_AMERICAN,STAGE_1,MALE
2001,AFRICAN_AMERICAN,POLYP_5,MALE
2001,AFRICAN_AMERICAN,POLYP_5,FEMALE
2001,AMERICAN_INDIAN,STAGE_3,MALE
2001,WHITE,POLYP_5,MALE
2001,WHITE,STAGE_1,FEMALE
2001,AFRICAN_AMERICAN,POLYP_5,FEMALE
2001,AFRICAN_AMERICAN,STAGE_1,MALE
2001,AFRICAN_AMERICAN,POLYP_5,FEMALE
2001,WHITE,POLYP_5,MALE
2001,SOME_OTHER_RACE,STAGE_1,FEMALE
2001,WHITE,STAGE_3,FEMALE
2001,WHITE,POLYP_5,FEMALE
2001,ASIAN,STAGE_2,MALE
2001,WHITE,POLYP_5,FEMALE
2001,AFRICAN_AMERICAN,STAGE_1,MALE
2001,AMERICAN_INDIAN,STAGE_2,MALE
2001,WHITE,POLYP_5,FEMALE
2001,ASIAN,STAGE_2,FEMALE
2001,AFRICAN_AMERICAN,POLYP_5,MALE
2001,WHITE,STAGE_2,FEMALE
2001,AFRICAN_AMERICAN,POLYP_5,FEMALE
2001,AFRICAN_AMERICAN,STAGE_2,FEMALE
2001,AFRICAN_AMERICAN,STAGE_1,MALE
2001,WHITE,STAGE_1,FEMALE
2001,WHITE,POLYP_5,MALE
2001,AMERICAN_INDIAN,STAGE_2,FEMALE
2001,AFRICAN_AMERICAN,STAGE_1,FEMALE
2001,AFRICAN_AMERICAN,POLYP_5,FEMALE
2001,AFRICAN_AMERICAN,POLYP_5,MALE
2001,AFRICAN_AMERICAN,STAGE_2,MALE
2001,SOME_OTHER_RACE,STAGE_1,FEMALE
2001,AFRICAN_AMERICAN,POLYP_5,FEMALE
2001,AFRICAN_AMERICAN,POLYP_5,MALE
2001,AFRICAN_AMERICAN,STAGE_1,MALE
2001,AFRICAN_AMERICAN,POLYP_5,FEMALE
2001,AFRICAN_AMERICAN,POLYP_5,FEMALE
2001,AFRICAN_AMERICAN,STAGE_1,FEMALE
2001,WHITE,STAGE_1,MALE
2001,AFRICAN_AMERICAN,STAGE_2,FEMALE
2001,WHITE,POLYP_5,MALE
2001,SOME_OTHER_RACE,STAGE_3,FEMALE
2001,SOME_OTHER_RACE,STAGE_2,FEMALE
2001,AMERICAN_INDIAN,STAGE_3,MALE
2001,AFRICAN_AMERICAN,POLYP_5,FEMALE
2001,AFRICAN_AMERICAN,POLYP_5,MALE
2001,AFRICAN_AMERICAN,POLYP_5,MALE
2001,AFRICAN_AMERICAN,POLYP_5,MALE
2001,AFRICAN_AMERICAN,POLYP_5,FEMALE
2001,WHITE,POLYP_5,MALE
2001,AFRICAN_AMERICAN,POLYP_5,MALE
2001,AFRICAN_AMERICAN,POLYP_5,FEMALE
2001,WHITE,STAGE_1,FEMALE
2001,AFRICAN_AMERICAN,STAGE_1,FEMALE
2001,ASIAN,STAGE_2,MALE
2001,WHITE,POLYP_5,FEMALE
2001,AFRICAN_AMERICAN,STAGE_2,MALE
2001,AFRICAN_AMERICAN,STAGE_1,MALE
2001,SOME_OTHER_RACE,STAGE_2,FEMALE
2001,WHITE,STAGE_1,MALE
2001,WHITE,STAGE_1,FEMALE
2001,AFRICAN_AMERICAN,POLYP_5,FEMALE
2001,AFRICAN_AMERICAN,POLYP_5,MALE
2002,AFRICAN_AMERICAN,STAGE_2,FEMALE
2002,AFRICAN_AMERICAN,STAGE_1,MALE
2002,WHITE,STAGE_1,MALE
2002,AFRICAN_AMERICAN,STAGE_1,MALE
2002,AFRICAN_AMERICAN,POLYP_5,MALE
2002,AFRICAN_AMERICAN,STAGE_1,MALE
2002,WHITE,STAGE_1,FEMALE
2002,WHITE,POLYP_5,FEMALE
2002,AMERICAN_INDIAN,STAGE_1,MALE
2002,AFRICAN_AMERICAN,STAGE_1,MALE
2002,AMERICAN_INDIAN,STAGE_2,MALE
2002,AFRICAN_AMERICAN,STAGE_1,MALE
2002,AFRICAN_AMERICAN,STAGE_1,FEMALE
2002,AFRICAN_AMERICAN,STAGE_2,FEMALE
2002,AFRICAN_AMERICAN,STAGE_1,FEMALE
2002,WHITE,POLYP_5,MALE
2002,ASIAN,STAGE_2,MALE
2002,AFRICAN_AMERICAN,STAGE_3,FEMALE
2002,AFRICAN_AMERICAN,STAGE_1,FEMALE
2002,AMERICAN_INDIAN,STAGE_3,MALE
2002,WHITE,STAGE_1,FEMALE
2002,AFRICAN_AMERICAN,POLYP_5,MALE
2002,AFRICAN_AMERICAN,STAGE_1,MALE
2002,AFRICAN_AMERICAN,STAGE_2,FEMALE
2002,AFRICAN_AMERICAN,POLYP_5,MALE
2002,AFRICAN_AMERICAN,STAGE_1,FEMALE
2002,AFRICAN_AMERICAN,POLYP_5,MALE
2002,AFRICAN_AMERICAN,STAGE_1,FEMALE
2002,WHITE,STAGE_1,MALE
2002,WHITE,POLYP_5,MALE
2002,WHITE,POLYP_5,MALE
2002,AFRICAN_AMERICAN,POLYP_5,MALE
2002,WHITE,STAGE_1,FEMALE
2002,AFRICAN_AMERICAN,POLYP_5,MALE
2002,AFRICAN_AMERICAN,STAGE_1,FEMALE
2002,AFRICAN_AMERICAN,STAGE_1,FEMALE
2002,AFRICAN_AMERICAN,STAGE_1,FEMALE
2002,AFRICAN_AMERICAN,STAGE_2,FEMALE
2002,WHITE,POLYP_5,FEMALE
2002,WHITE,STAGE_2,FEMALE
2002,WHITE,POLYP_5,FEMALE
2002,AMERICAN_INDIAN,STAGE_2,MALE
2002,WHITE,POLYP_5,FEMALE
2002,AFRICAN_AMERICAN,STAGE_2,FEMALE
2002,AFRICAN_AMERICAN,POLYP_5,MALE
2002,AFRICAN_AMERICAN,STAGE_1,MALE
2002,AFRICAN_AMERICAN,POLYP_5,MALE
2002,AFRICAN_AMERICAN,STAGE_1,MALE
2002,AFRICAN_AMERICAN,POLYP_5,MALE
2002,WHITE,STAGE_1,FEMALE
2002,AFRICAN_AMERICAN,STAGE_3,MALE
2002,AFRICAN_AMERICAN,POLYP_5,FEMALE
2002,WHITE,STAGE_1,FEMALE
2002,AFRICAN_AMERICAN,POLYP_5,MALE
2002,AFRICAN_AMERICAN,POLYP_5,MALE
2002,AFRICAN_AMERICAN,STAGE_1,MALE
2002,AFRICAN_AMERICAN,STAGE_1,MALE
2002,AFRICAN_AMERICAN,STAGE_1,FEMALE
2002,WHITE,STAGE_2,FEMALE
2002,AFRICAN_AMERICAN,POLYP_5,FEMALE
2002,AFRICAN_AMERICAN,STAGE_2,MALE
2002,AFRICAN_AMERICAN,STAGE_1,FEMALE
2002,WHITE,POLYP_5,FEMALE
2002,WHITE,POLYP_5,FEMALE
2002,AFRICAN_AMERICAN,STAGE_1,MALE
2002,AFRICAN_AMERICAN,STAGE_1,FEMALE
2002,WHITE,STAGE_1,FEMALE
2002,AFRICAN_AMERICAN,STAGE_1,FEMALE
2002,AFRICAN_AMERICAN,POLYP_5,FEMALE
2002,AFRICAN_AMERICAN,POLYP_5,FEMALE
2002,WHITE,POLYP_5,MALE
2002,AFRICAN_AMERICAN,POLYP_5,MALE
2002,AFRICAN_AMERICAN,STAGE_2,FEMALE
2002,SOME_OTHER_RACE,STAGE_2,FEMALE
2002,AFRICAN_AMERICAN,STAGE_1,MALE
2002,AMERICAN_INDIAN,STAGE_1,MALE
2002,AFRICAN_AMERICAN,STAGE_1,FEMALE
2002,WHITE,POLYP_5,MALE
2002,WHITE,POLYP_5,MALE
2002,AFRICAN_AMERICAN,STAGE_1,FEMALE
2002,AFRICAN_AMERICAN,POLYP_5,MALE
2002,WHITE,STAGE_1,FEMALE
2002,SOME_OTHER_RACE,STAGE_2,FEMALE
2002,AFRICAN_AMERICAN,STAGE_4,MALE
2002,SOME_OTHER_RACE,STAGE_3,FEMALE
2002,AFRICAN_AMERICAN,POLYP_5,MALE
2002,AMERICAN_INDIAN,STAGE_2,MALE
2002,AFRICAN_AMERICAN,STAGE_1,FEMALE
2002,WHITE,STAGE_1,FEMALE
2002,AFRICAN_AMERICAN,STAGE_1,MALE
2002,WHITE,STAGE_1,MALE
2002,AFRICAN_AMERICAN,POLYP_5,FEMALE
2002,AFRICAN_AMERICAN,POLYP_5,MALE
2002,AFRICAN_AMERICAN,STAGE_1,MALE
2002,AMERICAN_INDIAN,STAGE_2,MALE
2002,AFRICAN_AMERICAN,STAGE_2,MALE
2002,AFRICAN_AMERICAN,STAGE_1,FEMALE
2002,AFRICAN_AMERICAN,STAGE_1,MALE
2002,AFRICAN_AMERICAN,STAGE_2,FEMALE
2002,WHITE,STAGE_1,MALE
2002,AFRICAN_AMERICAN,STAGE_3,MALE
2002,AFRICAN_AMERICAN,STAGE_1,MALE
2002,WHITE,STAGE_1,FEMALE
2002,AFRICAN_AMERICAN,STAGE_2,FEMALE
2003,ASIAN,STAGE_2,MALE
2003,WHITE,POLYP_5,FEMALE
2003,AFRICAN_AMERICAN,STAGE_1,FEMALE
2003,AFRICAN_AMERICAN,POLYP_5,MALE
2003,AFRICAN_AMERICAN,STAGE_2,MALE
2003,WHITE,STAGE_2,MALE
2003,AFRICAN_AMERICAN,STAGE_1,MALE
2003,AFRICAN_AMERICAN,STAGE_1,MALE
2003,WHITE,POLYP_5,FEMALE
2003,AFRICAN_AMERICAN,STAGE_2,FEMALE
2003,WHITE,POLYP_5,MALE
2003,AFRICAN_AMERICAN,POLYP_5,FEMALE
2003,AFRICAN_AMERICAN,POLYP_5,FEMALE
2003,AFRICAN_AMERICAN,STAGE_1,MALE
2003,AFRICAN_AMERICAN,STAGE_1,FEMALE
2003,AFRICAN_AMERICAN,STAGE_3,FEMALE
2003,AFRICAN_AMERICAN,POLYP_5,MALE
2003,AFRICAN_AMERICAN,POLYP_5,FEMALE
2003,AFRICAN_AMERICAN,POLYP_5,MALE
2003,AFRICAN_AMERICAN,STAGE_1,FEMALE
2003,AFRICAN_AMERICAN,STAGE_2,FEMALE
2003,AMERICAN_INDIAN,STAGE_2,MALE
2003,AFRICAN_AMERICAN,POLYP_5,FEMALE
2003,AFRICAN_AMERICAN,STAGE_2,MALE
2003,WHITE,STAGE_1,MALE
2003,AFRICAN_AMERICAN,POLYP_5,MALE
2003,AMERICAN_INDIAN,STAGE_2,FEMALE
2003,AFRICAN_AMERICAN,STAGE_2,MALE
2003,AFRICAN_AMERICAN,STAGE_3,MALE
2003,AFRICAN_AMERICAN,POLYP_5,MALE
2003,WHITE,STAGE_1,MALE
2003,WHITE,POLYP_5,MALE
2003,AFRICAN_AMERICAN,STAGE_2,MALE
2003,AMERICAN_INDIAN,STAGE_2,FEMALE
2003,AFRICAN_AMERICAN,POLYP_5,MALE
2003,AFRICAN_AMERICAN,STAGE_3,MALE
2003,AFRICAN_AMERICAN,POLYP_5,MALE
2003,AFRICAN_AMERICAN,POLYP_5,MALE
2003,ASIAN,POLYP_5,MALE
2003,AFRICAN_AMERICAN,STAGE_1,FEMALE
2003,WHITE,STAGE_1,MALE
2003,AMERICAN_INDIAN,STAGE_3,MALE
2003,AMERICAN_INDIAN,STAGE_2,MALE
2003,ASIAN,STAGE_4,MALE
2003,AFRICAN_AMERICAN,STAGE_1,FEMALE
2003,WHITE,STAGE_1,MALE
2003,AFRICAN_AMERICAN,POLYP_5,FEMALE
2003,AFRICAN_AMERICAN,POLYP_5,FEMALE
2003,AFRICAN_AMERICAN,POLYP_5,MALE
2003,AFRICAN_AMERICAN,STAGE_2,MALE
2003,WHITE,STAGE_1,MALE
2003,AFRICAN_AMERICAN,STAGE_2,MALE
2003,ASIAN,STAGE_3,FEMALE
2003,AFRICAN_AMERICAN,POLYP_5,MALE
2003,AFRICAN_AMERICAN,POLYP_5,FEMALE
2003,WHITE,STAGE_1,MALE
2003,AMERICAN_INDIAN,STAGE_2,FEMALE
2003,AFRICAN_AMERICAN,STAGE_3,MALE
2003,WHITE,STAGE_1,FEMALE
2003,AFRICAN_AMERICAN,STAGE_1,FEMALE
2003,WHITE,STAGE_1,MALE
2003,AFRICAN_AMERICAN,POLYP_5,MALE
2003,AFRICAN_AMERICAN,STAGE_2,MALE
2003,WHITE,POLYP_5,FEMALE
2004,AFRICAN_AMERICAN,POLYP_5,FEMALE
2004,AFRICAN_AMERICAN,POLYP_5,MALE
2004,AFRICAN_AMERICAN,STAGE_2,FEMALE
2004,AFRICAN_AMERICAN,POLYP_5,MALE
2004,AFRICAN_AMERICAN,STAGE_2,MALE
2004,AFRICAN_AMERICAN,STAGE_2,MALE
2004,AFRICAN_AMERICAN,POLYP_5,FEMALE
2004,AFRICAN_AMERICAN,STAGE_3,MALE
2004,WHITE,STAGE_3,FEMALE
2004,WHITE,STAGE_1,FEMALE
2004,WHITE,STAGE_1,FEMALE
2004,AFRICAN_AMERICAN,STAGE_2,FEMALE
2004,SOME_OTHER_RACE,POLYP_5,FEMALE
2004,AFRICAN_AMERICAN,POLYP_5,FEMALE
2004,AFRICAN_AMERICAN,POLYP_5,FEMALE
2004,AFRICAN_AMERICAN,POLYP_5,MALE
2004,AFRICAN_AMERICAN,POLYP_5,MALE
2004,AFRICAN_AMERICAN,STAGE_3,MALE
2004,AMERICAN_INDIAN,STAGE_3,FEMALE
2004,AFRICAN_AMERICAN,STAGE_2,FEMALE
2004,AFRICAN_AMERICAN,STAGE_2,MALE
2004,WHITE,STAGE_1,FEMALE
2004,AFRICAN_AMERICAN,POLYP_5,MALE
2004,WHITE,POLYP_5,FEMALE
2004,AFRICAN_AMERICAN,POLYP_5,FEMALE
2004,AFRICAN_AMERICAN,STAGE_1,MALE
2004,AFRICAN_AMERICAN,STAGE_2,MALE
2004,ASIAN,POLYP_5,MALE
2004,AFRICAN_AMERICAN,STAGE_2,FEMALE
2004,AFRICAN_AMERICAN,STAGE_1,FEMALE
2004,AFRICAN_AMERICAN,POLYP_5,MALE
2004,AFRICAN_AMERICAN,STAGE_1,MALE
2004,WHITE,POLYP_5,MALE
2004,AFRICAN_AMERICAN,STAGE_1,FEMALE
2004,AFRICAN_AMERICAN,STAGE_2,MALE
2004,AFRICAN_AMERICAN,POLYP_5,MALE
2004,AFRICAN_AMERICAN,STAGE_2,MALE
2004,AFRICAN_AMERICAN,POLYP_5,FEMALE
2004,AFRICAN_AMERICAN,POLYP_5,FEMALE
2004,WHITE,STAGE_1,MALE
2004,WHITE,POLYP_5,FEMALE
2004,WHITE,POLYP_5,MALE
2004,AFRICAN_AMERICAN,STAGE_2,FEMALE
2004,AFRICAN_AMERICAN,POLYP_5,MALE
2004,WHITE,POLYP_5,MALE
2004,AFRICAN_AMERICAN,POLYP_5,MALE
2004,AFRICAN_AMERICAN,POLYP_5,MALE
2004,WHITE,STAGE_2,MALE
2004,AFRICAN_AMERICAN,POLYP_5,FEMALE
2004,AFRICAN_AMERICAN,POLYP_5,FEMALE
2004,WHITE,POLYP_5,FEMALE
2004,AFRICAN_AMERICAN,POLYP_5,MALE
2004,AFRICAN_AMERICAN,POLYP_5,MALE
2004,WHITE,STAGE_2,FEMALE
2004,ASIAN,STAGE_2,MALE
2004,AFRICAN_AMERICAN,POLYP_5,MALE
2004,AFRICAN_AMERICAN,POLYP_5,FEMALE
2004,AFRICAN_AMERICAN,STAGE_3,MALE
2004,AFRICAN_AMERICAN,STAGE_2,FEMALE
2004,AFRICAN_AMERICAN,STAGE_1,FEMALE
2004,WHITE,POLYP_5,FEMALE
2004,AFRICAN_AMERICAN,STAGE_1,FEMALE
2004,WHITE,STAGE_2,FEMALE
2004,AFRICAN_AMERICAN,POLYP_5,FEMALE
2004,WHITE,POLYP_5,MALE
2004,AFRICAN_AMERICAN,STAGE_1,MALE
2004,AFRICAN_AMERICAN,STAGE_1,FEMALE
2004,ASIAN,POLYP_5,MALE
2004,AFRICAN_AMERICAN,POLYP_5,FEMALE
2004,AFRICAN_AMERICAN,STAGE_2,FEMALE
2004,AFRICAN_AMERICAN,POLYP_5,MALE
2004,SOME_OTHER_RACE,STAGE_2,FEMALE
2004,AFRICAN_AMERICAN,POLYP_5,MALE
2004,WHITE,STAGE_1,MALE
2004,WHITE,POLYP_5,MALE
2004,ASIAN,STAGE_2,MALE
2004,AFRICAN_AMERICAN,STAGE_2,MALE
2004,WHITE,POLYP_5,MALE
2004,AFRICAN_AMERICAN,STAGE_1,MALE
2004,WHITE,POLYP_5,MALE
